[38;2;5;12;13m[48;2;5;12;14m▀[0m[38;2;5;12;13m[48;2;5;12;14m▀[0m[38;2;5;12;13m[48;2;5;12;14m▀[0m[38;2;5;12;13m[48;2;0;6;8m▀[0m[38;2;0;0;0m[48;2;0;0;0m▀[0m[38;2;5;12;13m[48;2;5;12;14m▀[0m[38;2;5;12;13m[48;2;1;8;10m▀[0m[38;2;5;12;13m[48;2;5;12;14m▀[0m[38;2;8;11;11m[48;2;10;9;6m▀[0m[38;2;0;0;0m[48;2;22;21;18m▀[0m[38;2;5;12;13m[48;2;5;12;13m▀[0m[38;2;0;0;0m[48;2;0;0;0m▀[0m[38;2;5;12;13m[48;2;5;12;14m▀[0m[38;2;3;10;11m[48;2;3;10;12m▀[0m[38;2;5;12;13m[48;2;5;12;14m▀[0m[38;2;5;12;13m[48;2;5;12;14m▀[0m[38;2;5;12;13m[48;2;5;12;13m▀[0m[38;2;0;0;0m[48;2;0;0;0m▀[0m[38;2;0;0;0m[48;2;0;0;0m▀[0m[38;2;0;0;0m[48;2;18;19;15m▀[0m[38;2;0;0;0m[48;2;0;0;0m▀[0m[38;2;6;12;11m[48;2;0;0;0m▀[0m[38;2;5;12;13m[48;2;5;12;14m▀[0m[38;2;5;12;13m[48;2;5;12;14m▀[0m[38;2;3;10;11m[48;2;5;11;12m▀[0m[38;2;5;12;13m[48;2;6;12;13m▀[0m[38;2;5;12;13m[48;2;5;12;14m▀[0m[38;2;0;0;0m[48;2;0;3;5m▀[0m[38;2;0;0;0m[48;2;0;0;0m▀[0m[38;2;5;12;13m[48;2;2;9;10m▀[0m[38;2;5;12;13m[48;2;5;12;14m▀[0m[38;2;5;12;13m[48;2;3;10;12m▀[0m
[38;2;5;12;13m[48;2;5;12;13m▀[0m[38;2;5;12;13m[48;2;5;12;13m▀[0m[38;2;5;12;13m[48;2;5;12;13m▀[0m[38;2;0;0;1m[48;2;0;0;0m▀[0m[38;2;0;0;0m[48;2;0;0;0m▀[0m[38;2;5;12;13m[48;2;5;12;13m▀[0m[38;2;5;9;10m[48;2;23;24;22m▀[0m[38;2;7;11;12m[48;2;10;11;9m▀[0m[38;2;12;6;0m[48;2;14;5;0m▀[0m[38;2;62;56;49m[48;2;108;99;89m▀[0m[38;2;6;12;12m[48;2;17;21;20m▀[0m[38;2;0;0;0m[48;2;0;0;0m▀[0m[38;2;4;11;12m[48;2;0;5;6m▀[0m[38;2;3;10;11m[48;2;3;10;11m▀[0m[38;2;5;12;13m[48;2;5;12;13m▀[0m[38;2;5;12;13m[48;2;5;12;13m▀[0m[38;2;5;12;13m[48;2;5;12;13m▀[0m[38;2;0;0;0m[48;2;0;0;0m▀[0m[38;2;0;0;0m[48;2;0;0;0m▀[0m[38;2;38;35;27m[48;2;52;48;37m▀[0m[38;2;53;48;41m[48;2;160;144;128m▀[0m[38;2;0;0;0m[48;2;9;0;0m▀[0m[38;2;5;12;13m[48;2;0;7;8m▀[0m[38;2;5;12;13m[48;2;5;12;13m▀[0m[38;2;35;31;29m[48;2;69;60;50m▀[0m[38;2;14;10;8m[48;2;31;22;12m▀[0m[38;2;5;12;13m[48;2;5;12;13m▀[0m[38;2;0;7;8m[48;2;0;7;8m▀[0m[38;2;0;0;0m[48;2;0;0;0m▀[0m[38;2;0;1;2m[48;2;0;0;0m▀[0m[38;2;5;12;13m[48;2;5;12;13m▀[0m[38;2;5;12;13m[48;2;5;12;13m▀[0m
[38;2;5;12;13m[48;2;5;12;13m▀[0m[38;2;5;12;13m[48;2;5;12;13m▀[0m[38;2;5;12;13m[48;2;3;10;11m▀[0m[38;2;0;0;0m[48;2;0;0;0m▀[0m[38;2;0;0;0m[48;2;0;0;0m▀[0m[38;2;5;12;13m[48;2;5;12;13m▀[0m[38;2;37;33;27m[48;2;42;36;25m▀[0m[38;2;19;15;9m[48;2;32;26;15m▀[0m[38;2;18;6;0m[48;2;19;7;0m▀[0m[38;2;129;117;106m[48;2;139;127;116m▀[0m[38;2;52;51;49m[48;2;100;94;87m▀[0m[38;2;0;0;0m[48;2;0;0;0m▀[0m[38;2;0;0;0m[48;2;0;0;0m▀[0m[38;2;3;10;11m[48;2;4;11;12m▀[0m[38;2;5;12;13m[48;2;5;12;13m▀[0m[38;2;5;12;13m[48;2;5;12;13m▀[0m[38;2;3;10;11m[48;2;3;10;11m▀[0m[38;2;0;0;0m[48;2;0;0;0m▀[0m[38;2;0;0;0m[48;2;0;0;0m▀[0m[38;2;68;62;51m[48;2;113;102;91m▀[0m[38;2;211;184;162m[48;2;223;190;160m▀[0m[38;2;97;70;48m[48;2;178;145;115m▀[0m[38;2;0;0;0m[48;2;0;0;0m▀[0m[38;2;5;12;13m[48;2;5;12;12m▀[0m[38;2;133;115;98m[48;2;156;130;108m▀[0m[38;2;68;50;33m[48;2;143;117;95m▀[0m[38;2;5;12;14m[48;2;9;12;12m▀[0m[38;2;0;7;9m[48;2;5;8;8m▀[0m[38;2;0;0;0m[48;2;0;0;0m▀[0m[38;2;0;0;0m[48;2;0;0;0m▀[0m[38;2;5;12;13m[48;2;2;9;10m▀[0m[38;2;5;12;13m[48;2;5;12;13m▀[0m
[38;2;5;12;14m[48;2;5;12;13m▀[0m[38;2;5;12;14m[48;2;5;12;13m▀[0m[38;2;5;8;8m[48;2;7;8;5m▀[0m[38;2;0;0;0m[48;2;19;20;17m▀[0m[38;2;0;0;0m[48;2;0;0;0m▀[0m[38;2;3;10;11m[48;2;0;3;4m▀[0m[38;2;47;36;21m[48;2;53;35;17m▀[0m[38;2;66;55;40m[48;2;150;132;114m▀[0m[38;2;20;8;0m[48;2;22;8;0m▀[0m[38;2;143;131;118m[48;2;143;129;118m▀[0m[38;2;152;138;128m[48;2;203;182;165m▀[0m[38;2;9;0;0m[48;2;35;14;0m▀[0m[38;2;0;0;0m[48;2;0;0;0m▀[0m[38;2;5;11;12m[48;2;0;5;5m▀[0m[38;2;3;10;12m[48;2;3;10;11m▀[0m[38;2;5;12;14m[48;2;5;12;13m▀[0m[38;2;4;10;11m[48;2;4;7;8m▀[0m[38;2;0;0;0m[48;2;0;0;0m▀[0m[38;2;4;0;0m[48;2;16;0;0m▀[0m[38;2;156;142;125m[48;2;190;173;153m▀[0m[38;2;226;188;157m[48;2;193;165;144m▀[0m[38;2;224;186;155m[48;2;131;103;82m▀[0m[38;2;7;10;7m[48;2;26;25;22m▀[0m[38;2;9;12;9m[48;2;4;3;0m▀[0m[38;2;119;97;76m[48;2;182;151;125m▀[0m[38;2;144;122;101m[48;2;221;190;164m▀[0m[38;2;26;23;17m[48;2;73;62;49m▀[0m[38;2;14;11;5m[48;2;36;25;12m▀[0m[38;2;0;0;0m[48;2;0;0;0m▀[0m[38;2;0;0;0m[48;2;0;0;0m▀[0m[38;2;0;4;6m[48;2;0;0;0m▀[0m[38;2;5;12;14m[48;2;5;12;13m▀[0m
[38;2;4;11;12m[48;2;0;3;5m▀[0m[38;2;5;12;13m[48;2;5;12;14m▀[0m[38;2;8;9;5m[48;2;8;10;7m▀[0m[38;2;17;18;14m[48;2;14;16;13m▀[0m[38;2;1;3;1m[48;2;55;48;40m▀[0m[38;2;0;0;0m[48;2;0;0;0m▀[0m[38;2;36;20;5m[48;2;52;32;13m▀[0m[38;2;126;110;95m[48;2;202;182;163m▀[0m[38;2;33;23;15m[48;2;97;85;76m▀[0m[38;2;114;104;96m[48;2;46;34;25m▀[0m[38;2;205;184;166m[48;2;40;33;24m▀[0m[38;2;79;58;40m[48;2;38;31;22m▀[0m[38;2;2;3;1m[48;2;7;6;3m▀[0m[38;2;0;0;0m[48;2;0;0;0m▀[0m[38;2;3;10;11m[48;2;3;9;10m▀[0m[38;2;5;12;13m[48;2;6;12;13m▀[0m[38;2;4;6;5m[48;2;5;6;3m▀[0m[38;2;1;3;2m[48;2;2;3;0m▀[0m[38;2;8;0;0m[48;2;26;13;0m▀[0m[38;2;90;82;70m[48;2;92;79;64m▀[0m[38;2;104;83;65m[48;2;150;124;102m▀[0m[38;2;144;123;105m[48;2;136;110;88m▀[0m[38;2;111;103;90m[48;2;53;44;37m▀[0m[38;2;5;0;0m[48;2;0;0;0m▀[0m[38;2;126;107;89m[48;2;0;0;0m▀[0m[38;2;112;93;75m[48;2;59;51;51m▀[0m[38;2;35;28;19m[48;2;53;58;52m▀[0m[38;2;34;27;18m[48;2;0;0;0m▀[0m[38;2;0;0;0m[48;2;0;0;0m▀[0m[38;2;0;0;0m[48;2;0;0;0m▀[0m[38;2;0;0;0m[48;2;0;0;0m▀[0m[38;2;5;12;13m[48;2;5;12;13m▀[0m
[38;2;0;0;0m[48;2;0;0;0m▀[0m[38;2;5;12;13m[48;2;4;11;12m▀[0m[38;2;9;11;9m[48;2;7;11;12m▀[0m[38;2;9;11;9m[48;2;0;1;2m▀[0m[38;2;97;88;76m[48;2;0;0;0m▀[0m[38;2;0;0;0m[48;2;17;18;14m▀[0m[38;2;10;4;0m[48;2;9;14;8m▀[0m[38;2;47;41;33m[48;2;84;89;83m▀[0m[38;2;49;43;36m[48;2;157;130;130m▀[0m[38;2;40;34;27m[48;2;14;0;0m▀[0m[38;2;120;99;80m[48;2;0;0;0m▀[0m[38;2;137;116;97m[48;2;34;23;23m▀[0m[38;2;49;43;36m[48;2;62;48;37m▀[0m[38;2;0;0;0m[48;2;109;95;84m▀[0m[38;2;0;0;0m[48;2;0;0;0m▀[0m[38;2;6;10;12m[48;2;4;5;6m▀[0m[38;2;6;5;1m[48;2;11;8;2m▀[0m[38;2;24;23;19m[48;2;48;45;39m▀[0m[38;2;45;27;10m[48;2;142;116;98m▀[0m[38;2;153;135;118m[48;2;165;139;121m▀[0m[38;2;45;39;31m[48;2;132;117;107m▀[0m[38;2;61;55;47m[48;2;86;71;61m▀[0m[38;2;173;140;141m[48;2;73;28;34m▀[0m[38;2;18;0;0m[48;2;19;0;0m▀[0m[38;2;23;0;0m[48;2;39;0;0m▀[0m[38;2;90;54;60m[48;2;111;58;66m▀[0m[38;2;116;120;114m[48;2;209;197;186m▀[0m[38;2;9;13;7m[48;2;77;65;54m▀[0m[38;2;0;0;0m[48;2;0;0;0m▀[0m[38;2;0;0;0m[48;2;0;0;0m▀[0m[38;2;0;0;0m[48;2;0;0;0m▀[0m[38;2;3;10;11m[48;2;0;4;5m▀[0m
[38;2;0;0;0m[48;2;0;0;0m▀[0m[38;2;0;1;2m[48;2;0;0;0m▀[0m[38;2;6;12;13m[48;2;5;12;13m▀[0m[38;2;4;10;11m[48;2;5;12;13m▀[0m[38;2;39;32;23m[48;2;61;46;32m▀[0m[38;2;33;26;17m[48;2;107;92;78m▀[0m[38;2;46;38;34m[48;2;157;145;139m▀[0m[38;2;71;63;59m[48;2;55;43;37m▀[0m[38;2;85;31;42m[48;2;37;0;0m▀[0m[38;2;32;0;0m[48;2;17;0;0m▀[0m[38;2;20;0;0m[48;2;39;0;0m▀[0m[38;2;69;36;40m[48;2;86;28;35m▀[0m[38;2;126;105;86m[48;2;225;196;173m▀[0m[38;2;198;177;158m[48;2;219;190;167m▀[0m[38;2;38;34;31m[48;2;179;163;150m▀[0m[38;2;0;0;0m[48;2;5;0;0m▀[0m[38;2;11;8;3m[48;2;4;3;0m▀[0m[38;2;60;57;52m[48;2;59;58;53m▀[0m[38;2;206;172;144m[48;2;230;187;156m▀[0m[38;2;204;170;142m[48;2;230;187;156m▀[0m[38;2;222;200;182m[48;2;218;198;176m▀[0m[38;2;107;85;67m[48;2;151;131;109m▀[0m[38;2;47;0;2m[48;2;94;9;24m▀[0m[38;2;24;0;0m[48;2;71;0;1m▀[0m[38;2;64;2;10m[48;2;100;41;45m▀[0m[38;2;123;61;69m[48;2;167;108;112m▀[0m[38;2;222;199;176m[48;2;226;200;173m▀[0m[38;2;190;167;144m[48;2;175;149;122m▀[0m[38;2;0;0;0m[48;2;0;0;0m▀[0m[38;2;0;0;0m[48;2;0;0;0m▀[0m[38;2;0;0;0m[48;2;0;0;0m▀[0m[38;2;0;0;0m[48;2;0;0;0m▀[0m
[38;2;0;0;0m[48;2;0;0;0m▀[0m[38;2;0;0;0m[48;2;0;0;0m▀[0m[38;2;0;3;5m[48;2;0;0;0m▀[0m[38;2;5;12;14m[48;2;5;12;13m▀[0m[38;2;35;16;2m[48;2;19;8;0m▀[0m[38;2;196;177;163m[48;2;146;135;125m▀[0m[38;2;206;185;167m[48;2;223;189;161m▀[0m[38;2;161;140;122m[48;2;230;196;168m▀[0m[38;2;90;2;20m[48;2;116;37;44m▀[0m[38;2;61;0;0m[48;2;111;32;39m▀[0m[38;2;76;0;5m[48;2;137;42;54m▀[0m[38;2;113;28;42m[48;2;121;26;38m▀[0m[38;2;235;206;179m[48;2;228;197;170m▀[0m[38;2;220;191;164m[48;2;221;190;163m▀[0m[38;2;223;189;162m[48;2;229;187;156m▀[0m[38;2;153;119;92m[48;2;229;187;156m▀[0m[38;2;0;0;0m[48;2;100;88;77m▀[0m[38;2;51;50;44m[48;2;34;22;11m▀[0m[38;2;230;187;156m[48;2;229;187;156m▀[0m[38;2;230;187;156m[48;2;229;187;156m▀[0m[38;2;220;190;167m[48;2;228;188;158m▀[0m[38;2;220;190;167m[48;2;224;184;154m▀[0m[38;2;72;0;5m[48;2;205;171;145m▀[0m[38;2;99;27;32m[48;2;215;181;155m▀[0m[38;2;54;18;15m[48;2;225;188;157m▀[0m[38;2;184;148;145m[48;2;225;188;157m▀[0m[38;2;220;192;164m[48;2;218;191;166m▀[0m[38;2;143;115;87m[48;2;93;66;41m▀[0m[38;2;0;0;0m[48;2;0;0;0m▀[0m[38;2;0;0;0m[48;2;0;0;0m▀[0m[38;2;0;0;0m[48;2;0;0;0m▀[0m[38;2;0;0;0m[48;2;0;0;0m▀[0m
[38;2;0;2;4m[48;2;3;7;9m▀[0m[38;2;0;0;0m[48;2;0;0;0m▀[0m[38;2;0;0;0m[48;2;0;0;0m▀[0m[38;2;0;3;4m[48;2;0;0;0m▀[0m[38;2;10;11;9m[48;2;7;11;13m▀[0m[38;2;56;57;55m[48;2;8;12;14m▀[0m[38;2;226;187;156m[48;2;165;134;108m▀[0m[38;2;227;188;157m[48;2;221;190;164m▀[0m[38;2;188;158;141m[48;2;230;186;156m▀[0m[38;2;96;66;49m[48;2;230;186;156m▀[0m[38;2;137;104;88m[48;2;230;186;156m▀[0m[38;2;174;141;125m[48;2;230;186;156m▀[0m[38;2;223;185;155m[48;2;230;186;156m▀[0m[38;2;226;188;158m[48;2;230;186;156m▀[0m[38;2;230;186;156m[48;2;229;187;156m▀[0m[38;2;230;186;156m[48;2;229;187;156m▀[0m[38;2;219;189;165m[48;2;221;183;153m▀[0m[38;2;113;83;59m[48;2;225;187;157m▀[0m[38;2;225;183;153m[48;2;228;186;155m▀[0m[38;2;229;187;157m[48;2;229;187;156m▀[0m[38;2;230;186;156m[48;2;230;186;156m▀[0m[38;2;230;186;156m[48;2;230;186;156m▀[0m[38;2;230;186;156m[48;2;230;186;156m▀[0m[38;2;230;186;156m[48;2;230;186;156m▀[0m[38;2;230;186;156m[48;2;230;186;156m▀[0m[38;2;230;186;156m[48;2;230;186;156m▀[0m[38;2;213;191;171m[48;2;199;169;146m▀[0m[38;2;31;9;0m[48;2;104;74;51m▀[0m[38;2;0;0;0m[48;2;43;39;30m▀[0m[38;2;0;0;0m[48;2;0;0;0m▀[0m[38;2;0;0;0m[48;2;0;0;0m▀[0m[38;2;0;0;0m[48;2;0;0;0m▀[0m
[38;2;3;10;11m[48;2;2;9;10m▀[0m[38;2;0;0;0m[48;2;0;0;0m▀[0m[38;2;0;0;0m[48;2;0;0;0m▀[0m[38;2;0;0;0m[48;2;0;0;0m▀[0m[38;2;0;0;0m[48;2;0;0;0m▀[0m[38;2;1;8;9m[48;2;0;0;0m▀[0m[38;2;52;33;17m[48;2;27;15;5m▀[0m[38;2;203;184;168m[48;2;104;92;82m▀[0m[38;2;230;186;156m[48;2;229;187;156m▀[0m[38;2;230;186;156m[48;2;229;187;156m▀[0m[38;2;230;186;156m[48;2;230;186;156m▀[0m[38;2;230;186;156m[48;2;230;186;156m▀[0m[38;2;230;186;156m[48;2;230;186;156m▀[0m[38;2;230;186;156m[48;2;230;186;156m▀[0m[38;2;228;187;157m[48;2;229;187;157m▀[0m[38;2;227;186;156m[48;2;228;186;156m▀[0m[38;2;130;98;68m[48;2;106;76;51m▀[0m[38;2;221;189;159m[48;2;173;143;118m▀[0m[38;2;228;187;156m[48;2;229;187;156m▀[0m[38;2;228;187;156m[48;2;229;187;156m▀[0m[38;2;230;186;156m[48;2;230;186;156m▀[0m[38;2;230;186;156m[48;2;230;186;156m▀[0m[38;2;230;186;156m[48;2;230;186;156m▀[0m[38;2;230;186;156m[48;2;230;186;156m▀[0m[38;2;230;186;156m[48;2;230;186;156m▀[0m[38;2;230;186;156m[48;2;230;186;156m▀[0m[38;2;216;180;153m[48;2;221;190;165m▀[0m[38;2;198;162;135m[48;2;136;105;80m▀[0m[38;2;0;0;0m[48;2;0;0;0m▀[0m[38;2;0;0;0m[48;2;0;0;0m▀[0m[38;2;0;0;0m[48;2;0;0;0m▀[0m[38;2;0;0;0m[48;2;0;0;0m▀[0m
[38;2;2;8;9m[48;2;4;8;10m▀[0m[38;2;0;0;0m[48;2;0;0;0m▀[0m[38;2;0;0;0m[48;2;0;0;0m▀[0m[38;2;0;0;0m[48;2;0;0;0m▀[0m[38;2;0;0;0m[48;2;0;0;0m▀[0m[38;2;0;0;0m[48;2;0;0;0m▀[0m[38;2;9;0;0m[48;2;0;0;0m▀[0m[38;2;85;71;59m[48;2;34;31;25m▀[0m[38;2;215;176;146m[48;2;199;160;131m▀[0m[38;2;227;188;158m[48;2;227;188;159m▀[0m[38;2;230;186;156m[48;2;230;186;156m▀[0m[38;2;230;186;156m[48;2;230;186;156m▀[0m[38;2;230;186;156m[48;2;230;186;156m▀[0m[38;2;230;186;156m[48;2;230;186;156m▀[0m[38;2;229;187;157m[48;2;229;187;156m▀[0m[38;2;229;187;157m[48;2;229;187;156m▀[0m[38;2;198;162;133m[48;2;228;188;156m▀[0m[38;2;199;163;134m[48;2;228;188;156m▀[0m[38;2;230;186;156m[48;2;228;187;156m▀[0m[38;2;230;186;156m[48;2;228;187;156m▀[0m[38;2;230;186;156m[48;2;230;186;156m▀[0m[38;2;230;186;156m[48;2;230;186;156m▀[0m[38;2;230;186;156m[48;2;230;186;156m▀[0m[38;2;230;186;156m[48;2;230;186;156m▀[0m[38;2;229;187;156m[48;2;227;188;157m▀[0m[38;2;229;187;156m[48;2;222;183;152m▀[0m[38;2;203;183;165m[48;2;65;59;49m▀[0m[38;2;31;11;0m[48;2;0;0;0m▀[0m[38;2;0;0;0m[48;2;0;0;0m▀[0m[38;2;0;0;0m[48;2;0;0;0m▀[0m[38;2;0;0;0m[48;2;0;0;0m▀[0m[38;2;0;0;0m[48;2;0;0;0m▀[0m
[38;2;4;10;11m[48;2;3;10;11m▀[0m[38;2;0;0;0m[48;2;0;0;0m▀[0m[38;2;0;0;0m[48;2;0;0;0m▀[0m[38;2;0;0;0m[48;2;0;0;0m▀[0m[38;2;0;0;0m[48;2;0;0;0m▀[0m[38;2;0;0;0m[48;2;0;0;0m▀[0m[38;2;0;0;0m[48;2;0;0;0m▀[0m[38;2;0;0;0m[48;2;0;0;0m▀[0m[38;2;86;57;33m[48;2;0;0;0m▀[0m[38;2;209;180;156m[48;2;81;72;60m▀[0m[38;2;229;187;156m[48;2;208;169;138m▀[0m[38;2;229;187;156m[48;2;227;188;157m▀[0m[38;2;230;186;156m[48;2;230;186;156m▀[0m[38;2;230;186;156m[48;2;230;186;156m▀[0m[38;2;229;187;156m[48;2;229;187;156m▀[0m[38;2;226;184;153m[48;2;229;187;156m▀[0m[38;2;205;169;138m[48;2;226;188;159m▀[0m[38;2;218;182;151m[48;2;208;170;141m▀[0m[38;2;213;174;143m[48;2;228;186;156m▀[0m[38;2;226;187;156m[48;2;229;187;157m▀[0m[38;2;230;186;156m[48;2;230;186;156m▀[0m[38;2;230;186;156m[48;2;230;186;156m▀[0m[38;2;230;187;156m[48;2;228;187;158m▀[0m[38;2;230;187;156m[48;2;220;179;150m▀[0m[38;2;213;185;162m[48;2;85;75;64m▀[0m[38;2;91;63;40m[48;2;0;0;0m▀[0m[38;2;0;0;0m[48;2;0;0;0m▀[0m[38;2;0;0;0m[48;2;0;0;0m▀[0m[38;2;0;0;0m[48;2;0;0;0m▀[0m[38;2;0;0;0m[48;2;0;0;0m▀[0m[38;2;0;0;0m[48;2;0;0;0m▀[0m[38;2;0;0;0m[48;2;0;0;1m▀[0m
[38;2;5;9;11m[48;2;5;9;11m▀[0m[38;2;0;0;0m[48;2;0;0;0m▀[0m[38;2;0;0;0m[48;2;0;0;0m▀[0m[38;2;0;0;0m[48;2;3;10;11m▀[0m[38;2;0;0;0m[48;2;0;0;0m▀[0m[38;2;0;0;0m[48;2;0;0;0m▀[0m[38;2;0;0;0m[48;2;0;0;0m▀[0m[38;2;0;0;0m[48;2;0;0;0m▀[0m[38;2;0;0;0m[48;2;0;0;0m▀[0m[38;2;0;0;0m[48;2;36;38;36m▀[0m[38;2;56;34;12m[48;2;59;53;43m▀[0m[38;2;154;132;110m[48;2;55;49;39m▀[0m[38;2;223;183;152m[48;2;100;72;45m▀[0m[38;2;228;188;157m[48;2;170;142;115m▀[0m[38;2;230;187;156m[48;2;224;185;154m▀[0m[38;2;230;187;156m[48;2;227;188;157m▀[0m[38;2;230;186;156m[48;2;230;186;156m▀[0m[38;2;230;186;156m[48;2;230;186;156m▀[0m[38;2;230;187;156m[48;2;230;186;156m▀[0m[38;2;230;187;156m[48;2;230;186;156m▀[0m[38;2;229;187;156m[48;2;225;189;158m▀[0m[38;2;229;187;156m[48;2;179;143;112m▀[0m[38;2;201;170;144m[48;2;84;62;39m▀[0m[38;2;102;71;45m[48;2;88;66;43m▀[0m[38;2;63;56;44m[48;2;63;55;46m▀[0m[38;2;28;21;9m[48;2;38;30;21m▀[0m[38;2;37;39;36m[48;2;22;20;18m▀[0m[38;2;8;10;7m[48;2;48;46;44m▀[0m[38;2;13;17;19m[48;2;17;19;18m▀[0m[38;2;0;0;0m[48;2;0;0;0m▀[0m[38;2;0;0;0m[48;2;0;0;0m▀[0m[38;2;5;12;13m[48;2;5;12;13m▀[0m
[38;2;3;7;9m[48;2;2;6;8m▀[0m[38;2;0;0;0m[48;2;0;0;0m▀[0m[38;2;0;0;0m[48;2;0;0;0m▀[0m[38;2;5;12;13m[48;2;5;12;13m▀[0m[38;2;0;0;0m[48;2;1;8;9m▀[0m[38;2;0;0;0m[48;2;0;0;0m▀[0m[38;2;2;4;2m[48;2;13;15;13m▀[0m[38;2;54;56;54m[48;2;64;66;64m▀[0m[38;2;58;59;56m[48;2;63;63;57m▀[0m[38;2;40;41;38m[48;2;56;56;50m▀[0m[38;2;40;36;27m[48;2;39;36;29m▀[0m[38;2;62;58;49m[48;2;60;57;50m▀[0m[38;2;88;65;42m[48;2;91;67;41m▀[0m[38;2;79;56;33m[48;2;90;66;40m▀[0m[38;2;107;79;50m[48;2;87;64;40m▀[0m[38;2;174;146;117m[48;2;81;58;34m▀[0m[38;2;224;186;155m[48;2;102;76;49m▀[0m[38;2;226;188;157m[48;2;157;131;104m▀[0m[38;2;226;188;159m[48;2;163;135;111m▀[0m[38;2;220;182;153m[48;2;96;68;44m▀[0m[38;2;132;108;83m[48;2;82;61;41m▀[0m[38;2;83;59;34m[48;2;73;52;32m▀[0m[38;2;69;58;45m[48;2;72;38;34m▀[0m[38;2;65;54;41m[48;2;69;35;31m▀[0m[38;2;32;30;26m[48;2;75;33;30m▀[0m[38;2;49;47;43m[48;2;57;15;12m▀[0m[38;2;62;60;57m[48;2;69;44;40m▀[0m[38;2;32;30;27m[48;2;41;16;12m▀[0m[38;2;36;39;37m[48;2;58;62;59m▀[0m[38;2;0;0;0m[48;2;0;0;0m▀[0m[38;2;0;0;0m[48;2;0;0;0m▀[0m[38;2;5;12;13m[48;2;4;11;12m▀[0m
[38;2;0;4;6m[48;2;0;1;3m▀[0m[38;2;0;0;0m[48;2;0;0;0m▀[0m[38;2;0;0;0m[48;2;0;0;0m▀[0m[38;2;5;12;13m[48;2;5;12;13m▀[0m[38;2;5;12;13m[48;2;5;12;13m▀[0m[38;2;0;0;0m[48;2;0;0;0m▀[0m[38;2;18;17;14m[48;2;23;22;18m▀[0m[38;2;66;65;62m[48;2;66;65;61m▀[0m[38;2;67;65;59m[48;2;67;66;59m▀[0m[38;2;61;59;53m[48;2;66;65;58m▀[0m[38;2;45;42;37m[48;2;42;40;36m▀[0m[38;2;51;48;43m[48;2;41;39;35m▀[0m[38;2;91;67;41m[48;2;89;66;40m▀[0m[38;2;90;66;40m[48;2;89;66;40m▀[0m[38;2;90;65;40m[48;2;87;67;45m▀[0m[38;2;90;65;40m[48;2;67;47;25m▀[0m[38;2;88;67;43m[48;2;36;24;16m▀[0m[38;2;82;61;37m[48;2;38;26;18m▀[0m[38;2;88;48;32m[48;2;53;7;8m▀[0m[38;2;83;43;27m[48;2;29;0;0m▀[0m[38;2;87;18;16m[48;2;0;0;0m▀[0m[38;2;68;0;0m[48;2;0;0;0m▀[0m[38;2;29;0;0m[48;2;0;0;0m▀[0m[38;2;17;0;0m[48;2;7;6;7m▀[0m[38;2;0;0;0m[48;2;8;7;6m▀[0m[38;2;0;0;0m[48;2;0;0;0m▀[0m[38;2;26;0;0m[48;2;0;0;0m▀[0m[38;2;46;3;2m[48;2;0;0;0m▀[0m[38;2;71;23;23m[48;2;3;0;0m▀[0m[38;2;38;0;0m[48;2;23;0;0m▀[0m[38;2;0;0;0m[48;2;46;4;5m▀[0m[38;2;3;9;9m[48;2;40;0;0m▀[0m
[38;2;0;1;1m[48;2;0;0;0m▀[0m[38;2;0;0;0m[48;2;0;0;0m▀[0m[38;2;0;0;0m[48;2;0;0;0m▀[0m[38;2;6;13;16m[48;2;6;13;16m▀[0m[38;2;6;13;16m[48;2;4;11;13m▀[0m[38;2;0;0;0m[48;2;0;0;0m▀[0m[38;2;30;31;26m[48;2;38;39;34m▀[0m[38;2;66;67;62m[48;2;66;67;62m▀[0m[38;2;67;66;60m[48;2;67;66;60m▀[0m[38;2;67;66;60m[48;2;67;66;60m▀[0m[38;2;48;47;44m[48;2;58;54;51m▀[0m[38;2;33;32;28m[48;2;31;27;24m▀[0m[38;2;88;66;41m[48;2;88;66;41m▀[0m[38;2;89;67;42m[48;2;88;66;41m▀[0m[38;2;70;56;45m[48;2;30;22;20m▀[0m[38;2;26;12;1m[48;2;17;9;8m▀[0m[38;2;15;10;13m[48;2;15;10;13m▀[0m[38;2;15;10;13m[48;2;15;10;13m▀[0m[38;2;13;9;10m[48;2;15;10;13m▀[0m[38;2;11;6;8m[48;2;15;10;13m▀[0m[38;2;10;5;6m[48;2;15;10;13m▀[0m[38;2;12;8;9m[48;2;15;10;13m▀[0m[38;2;15;10;13m[48;2;12;10;13m▀[0m[38;2;15;10;13m[48;2;12;10;13m▀[0m[38;2;15;10;13m[48;2;12;10;13m▀[0m[38;2;12;8;11m[48;2;12;10;13m▀[0m[38;2;0;0;0m[48;2;12;10;13m▀[0m[38;2;0;0;0m[48;2;10;8;11m▀[0m[38;2;0;0;0m[48;2;6;4;8m▀[0m[38;2;0;0;0m[48;2;1;0;2m▀[0m[38;2;1;0;0m[48;2;0;0;0m▀[0m[38;2;26;2;0m[48;2;0;0;0m▀[0m
