[38;2;60;56;54m[48;2;60;56;54m▀[0m[38;2;60;56;54m[48;2;60;56;54m▀[0m[38;2;60;56;54m[48;2;60;56;54m▀[0m[38;2;60;56;54m[48;2;60;56;54m▀[0m [38;2;60;56;54m[48;2;60;56;54m▀[0m[38;2;60;56;54m[48;2;60;56;54m▀[0m[38;2;60;56;54m[48;2;60;56;54m▀[0m[38;2;60;56;54m[48;2;60;56;54m▀[0m[38;2;60;56;54m▄[0m[38;2;60;56;54m[48;2;60;56;54m▀[0m [38;2;60;56;54m[48;2;60;56;54m▀[0m[38;2;60;56;54m[48;2;60;56;54m▀[0m[38;2;60;56;54m[48;2;60;56;54m▀[0m[38;2;60;56;54m[48;2;60;56;54m▀[0m[38;2;60;56;54m[48;2;60;56;54m▀[0m  [38;2;60;56;54m▄[0m [38;2;60;56;54m▀[0m[38;2;60;56;54m[48;2;60;56;54m▀[0m[38;2;60;56;54m[48;2;60;56;54m▀[0m[38;2;60;56;54m[48;2;60;56;54m▀[0m[38;2;60;56;54m[48;2;60;56;54m▀[0m[38;2;60;56;54m[48;2;60;56;54m▀[0m  [38;2;60;56;54m[48;2;60;56;54m▀[0m[38;2;60;56;54m[48;2;60;56;54m▀[0m[38;2;60;56;54m[48;2;60;56;54m▀[0m
[38;2;60;56;54m[48;2;60;56;54m▀[0m[38;2;60;56;54m[48;2;60;56;54m▀[0m[38;2;60;56;54m[48;2;60;56;54m▀[0m  [38;2;60;56;54m[48;2;60;56;54m▀[0m[38;2;60;56;54m[48;2;60;56;54m▀[0m[38;2;60;56;54m[48;2;60;56;54m▀[0m[38;2;60;56;54m[48;2;60;56;54m▀[0m[38;2;80;73;69m[48;2;189;174;147m▀[0m[38;2;60;56;54m[48;2;60;56;54m▀[0m [38;2;60;56;54m▀[0m[38;2;60;56;54m[48;2;60;56;54m▀[0m[38;2;60;56;54m[48;2;60;56;54m▀[0m[38;2;60;56;54m[48;2;60;56;54m▀[0m[38;2;60;56;54m[48;2;60;56;54m▀[0m  [38;2;60;56;54m[48;2;60;56;54m▀[0m[38;2;60;56;54m[48;2;189;174;147m▀[0m [38;2;60;56;54m[48;2;60;56;54m▀[0m[38;2;60;56;54m[48;2;60;56;54m▀[0m[38;2;60;56;54m[48;2;80;73;69m▀[0m[38;2;60;56;54m[48;2;60;56;54m▀[0m[38;2;60;56;54m[48;2;60;56;54m▀[0m   [38;2;60;56;54m[48;2;60;56;54m▀[0m[38;2;60;56;54m[48;2;60;56;54m▀[0m
[38;2;60;56;54m[48;2;60;56;54m▀[0m[38;2;60;56;54m[48;2;60;56;54m▀[0m[38;2;60;56;54m[48;2;60;56;54m▀[0m  [38;2;60;56;54m[48;2;60;56;54m▀[0m[38;2;60;56;54m[48;2;60;56;54m▀[0m[38;2;60;56;54m[48;2;60;56;54m▀[0m[38;2;60;56;54m[48;2;60;56;54m▀[0m[38;2;189;174;147m[48;2;189;174;147m▀[0m[38;2;80;73;69m[48;2;189;174;147m▀[0m  [38;2;60;56;54m[48;2;60;56;54m▀[0m[38;2;60;56;54m[48;2;60;56;54m▀[0m[38;2;60;56;54m[48;2;60;56;54m▀[0m[38;2;60;56;54m[48;2;60;56;54m▀[0m  [38;2;80;73;69m[48;2;189;174;147m▀[0m[38;2;235;219;178m[48;2;235;219;178m▀[0m[38;2;80;73;69m[48;2;235;219;178m▀[0m [38;2;60;56;54m[48;2;60;56;54m▀[0m[38;2;189;174;147m[48;2;189;174;147m▀[0m[38;2;80;73;69m[48;2;189;174;147m▀[0m[38;2;60;56;54m[48;2;60;56;54m▀[0m[38;2;60;56;54m[48;2;60;56;54m▀[0m  [38;2;60;56;54m[48;2;60;56;54m▀[0m[38;2;60;56;54m[48;2;60;56;54m▀[0m
[38;2;60;56;54m[48;2;60;56;54m▀[0m[38;2;60;56;54m[48;2;60;56;54m▀[0m[38;2;60;56;54m[48;2;60;56;54m▀[0m[38;2;60;56;54m▄[0m [38;2;60;56;54m▀[0m[38;2;60;56;54m[48;2;60;56;54m▀[0m[38;2;80;73;69m[48;2;189;174;147m▀[0m[38;2;60;56;54m[48;2;60;56;54m▀[0m[38;2;189;174;147m[48;2;189;174;147m▀[0m[38;2;189;174;147m[48;2;235;219;178m▀[0m[38;2;60;56;54m▄[0m [38;2;60;56;54m▀[0m[38;2;60;56;54m[48;2;60;56;54m▀[0m[38;2;60;56;54m[48;2;60;56;54m▀[0m[38;2;60;56;54m[48;2;60;56;54m▀[0m  [38;2;189;174;147m[48;2;235;219;178m▀[0m[38;2;235;219;178m[48;2;235;219;178m▀[0m[38;2;235;219;178m[48;2;189;174;147m▀[0m[38;2;60;56;54m[48;2;60;56;54m▀[0m[38;2;60;56;54m▀[0m[38;2;189;174;147m[48;2;235;219;178m▀[0m[38;2;189;174;147m[48;2;235;219;178m▀[0m[38;2;60;56;54m[48;2;80;73;69m▀[0m[38;2;60;56;54m[48;2;60;56;54m▀[0m   [38;2;60;56;54m[48;2;60;56;54m▀[0m
[38;2;60;56;54m▀[0m[38;2;60;56;54m[48;2;60;56;54m▀[0m[38;2;60;56;54m[48;2;60;56;54m▀[0m[38;2;60;56;54m[48;2;60;56;54m▀[0m[38;2;80;73;69m▄[0m [38;2;60;56;54m[48;2;60;56;54m▀[0m[38;2;189;174;147m[48;2;235;219;178m▀[0m[38;2;60;56;54m[48;2;189;174;147m▀[0m[38;2;189;174;147m[48;2;60;56;54m▀[0m[38;2;235;219;178m[48;2;60;56;54m▀[0m[38;2;80;73;69m[48;2;60;56;54m▀[0m[38;2;60;56;54m▄[0m [38;2;60;56;54m[48;2;60;56;54m▀[0m[38;2;60;56;54m[48;2;60;56;54m▀[0m[38;2;60;56;54m[48;2;60;56;54m▀[0m [38;2;60;56;54m▄[0m[38;2;189;174;147m[48;2;80;73;69m▀[0m[38;2;189;174;147m[48;2;189;174;147m▀[0m[38;2;189;174;147m[48;2;189;174;147m▀[0m[38;2;189;174;147m[48;2;60;56;54m▀[0m [38;2;189;174;147m▀[0m[38;2;189;174;147m[48;2;80;73;69m▀[0m[38;2;60;56;54m[48;2;80;73;69m▀[0m[38;2;60;56;54m▀[0m   [38;2;60;56;54m[48;2;60;56;54m▀[0m
 [38;2;60;56;54m[48;2;60;56;54m▀[0m[38;2;60;56;54m[48;2;60;56;54m▀[0m[38;2;60;56;54m▀[0m[38;2;189;174;147m▀[0m[38;2;60;56;54m▄[0m[38;2;60;56;54m▄[0m[38;2;60;56;54m[48;2;124;111;100m▀[0m[38;2;60;56;54m[48;2;189;174;147m▀[0m[38;2;60;56;54m▀[0m[38;2;189;174;147m▀[0m[38;2;189;174;147m[48;2;60;56;54m▀[0m[38;2;60;56;54m[48;2;80;73;69m▀[0m[38;2;189;174;147m▄[0m [38;2;60;56;54m[48;2;60;56;54m▀[0m[38;2;60;56;54m[48;2;60;56;54m▀[0m[38;2;60;56;54m[48;2;60;56;54m▀[0m[38;2;60;56;54m[48;2;189;174;147m▀[0m[38;2;189;174;147m[48;2;189;174;147m▀[0m[38;2;60;56;54m[48;2;189;174;147m▀[0m[38;2;80;73;69m[48;2;80;73;69m▀[0m[38;2;235;219;178m[48;2;157;0;6m▀[0m  [38;2;80;73;69m[48;2;251;73;52m▀[0m[38;2;124;111;100m[48;2;235;219;178m▀[0m[38;2;60;56;54m[48;2;80;73;69m▀[0m   [38;2;60;56;54m▀[0m
  [38;2;60;56;54m[48;2;60;56;54m▀[0m[38;2;60;56;54m[48;2;60;56;54m▀[0m[38;2;60;56;54m[48;2;80;73;69m▀[0m[38;2;60;56;54m[48;2;189;174;147m▀[0m[38;2;60;56;54m[48;2;189;174;147m▀[0m[38;2;80;73;69m[48;2;60;56;54m▀[0m[38;2;157;0;6m▀[0m  [38;2;60;56;54m[48;2;157;0;6m▀[0m[38;2;189;174;147m[48;2;235;219;178m▀[0m[38;2;235;219;178m[48;2;235;219;178m▀[0m[38;2;60;56;54m[48;2;235;219;178m▀[0m [38;2;60;56;54m▀[0m[38;2;80;73;69m[48;2;80;73;69m▀[0m[38;2;235;219;178m[48;2;235;219;178m▀[0m[38;2;235;219;178m[48;2;235;219;178m▀[0m[38;2;235;219;178m[48;2;235;219;178m▀[0m[38;2;189;174;147m[48;2;189;174;147m▀[0m[38;2;60;56;54m[48;2;157;0;6m▀[0m[38;2;157;0;6m▄[0m[38;2;157;0;6m[48;2;251;73;52m▀[0m[38;2;251;73;52m[48;2;189;174;147m▀[0m[38;2;235;219;178m[48;2;235;219;178m▀[0m[38;2;235;219;178m[48;2;235;219;178m▀[0m    
   [38;2;60;56;54m[48;2;60;56;54m▀[0m[38;2;60;56;54m[48;2;60;56;54m▀[0m[38;2;235;219;178m[48;2;189;174;147m▀[0m[38;2;235;219;178m[48;2;235;219;178m▀[0m[38;2;189;174;147m[48;2;235;219;178m▀[0m[38;2;157;0;6m[48;2;251;73;52m▀[0m[38;2;157;0;6m[48;2;251;73;52m▀[0m[38;2;157;0;6m[48;2;251;73;52m▀[0m[38;2;251;73;52m[48;2;251;73;52m▀[0m[38;2;235;219;178m[48;2;235;219;178m▀[0m[38;2;235;219;178m[48;2;235;219;178m▀[0m[38;2;235;219;178m[48;2;235;219;178m▀[0m[38;2;189;174;147m[48;2;235;219;178m▀[0m[38;2;189;174;147m▄[0m[38;2;60;56;54m[48;2;60;56;54m▀[0m[38;2;235;219;178m[48;2;235;219;178m▀[0m[38;2;235;219;178m[48;2;235;219;178m▀[0m[38;2;235;219;178m[48;2;235;219;178m▀[0m[38;2;235;219;178m[48;2;235;219;178m▀[0m[38;2;157;0;6m[48;2;235;219;178m▀[0m[38;2;157;0;6m[48;2;235;219;178m▀[0m[38;2;60;56;54m[48;2;235;219;178m▀[0m[38;2;235;219;178m[48;2;235;219;178m▀[0m[38;2;235;219;178m[48;2;235;219;178m▀[0m[38;2;189;174;147m[48;2;80;73;69m▀[0m    
[38;2;60;56;54m▄[0m   [38;2;60;56;54m[48;2;60;56;54m▀[0m[38;2;80;73;69m[48;2;60;56;54m▀[0m[38;2;235;219;178m[48;2;189;174;147m▀[0m[38;2;235;219;178m[48;2;235;219;178m▀[0m[38;2;235;219;178m[48;2;235;219;178m▀[0m[38;2;80;73;69m[48;2;235;219;178m▀[0m[38;2;189;174;147m[48;2;235;219;178m▀[0m[38;2;189;174;147m[48;2;235;219;178m▀[0m[38;2;235;219;178m[48;2;235;219;178m▀[0m[38;2;235;219;178m[48;2;235;219;178m▀[0m[38;2;235;219;178m[48;2;235;219;178m▀[0m[38;2;235;219;178m[48;2;235;219;178m▀[0m[38;2;235;219;178m[48;2;235;219;178m▀[0m[38;2;189;174;147m[48;2;235;219;178m▀[0m[38;2;235;219;178m[48;2;235;219;178m▀[0m[38;2;235;219;178m[48;2;235;219;178m▀[0m[38;2;235;219;178m[48;2;235;219;178m▀[0m[38;2;235;219;178m[48;2;235;219;178m▀[0m[38;2;235;219;178m[48;2;235;219;178m▀[0m[38;2;235;219;178m[48;2;235;219;178m▀[0m[38;2;235;219;178m[48;2;235;219;178m▀[0m[38;2;235;219;178m[48;2;235;219;178m▀[0m[38;2;235;219;178m[48;2;235;219;178m▀[0m[38;2;60;56;54m[48;2;80;73;69m▀[0m[38;2;60;56;54m▄[0m   
[38;2;60;56;54m[48;2;60;56;54m▀[0m    [38;2;60;56;54m▀[0m[38;2;60;56;54m[48;2;60;56;54m▀[0m[38;2;235;219;178m[48;2;189;174;147m▀[0m[38;2;235;219;178m[48;2;235;219;178m▀[0m[38;2;235;219;178m[48;2;235;219;178m▀[0m[38;2;235;219;178m[48;2;235;219;178m▀[0m[38;2;235;219;178m[48;2;235;219;178m▀[0m[38;2;235;219;178m[48;2;235;219;178m▀[0m[38;2;235;219;178m[48;2;235;219;178m▀[0m[38;2;235;219;178m[48;2;235;219;178m▀[0m[38;2;235;219;178m[48;2;235;219;178m▀[0m[38;2;189;174;147m[48;2;189;174;147m▀[0m[38;2;235;219;178m[48;2;235;219;178m▀[0m[38;2;235;219;178m[48;2;235;219;178m▀[0m[38;2;235;219;178m[48;2;235;219;178m▀[0m[38;2;235;219;178m[48;2;235;219;178m▀[0m[38;2;235;219;178m[48;2;235;219;178m▀[0m[38;2;235;219;178m[48;2;235;219;178m▀[0m[38;2;235;219;178m[48;2;235;219;178m▀[0m[38;2;235;219;178m[48;2;235;219;178m▀[0m[38;2;235;219;178m[48;2;235;219;178m▀[0m[38;2;235;219;178m[48;2;235;219;178m▀[0m[38;2;235;219;178m[48;2;189;174;147m▀[0m    
[38;2;60;56;54m[48;2;60;56;54m▀[0m      [38;2;80;73;69m[48;2;60;56;54m▀[0m[38;2;235;219;178m[48;2;235;219;178m▀[0m[38;2;235;219;178m[48;2;235;219;178m▀[0m[38;2;235;219;178m[48;2;235;219;178m▀[0m[38;2;235;219;178m[48;2;235;219;178m▀[0m[38;2;235;219;178m[48;2;235;219;178m▀[0m[38;2;235;219;178m[48;2;235;219;178m▀[0m[38;2;235;219;178m[48;2;235;219;178m▀[0m[38;2;235;219;178m[48;2;235;219;178m▀[0m[38;2;235;219;178m[48;2;235;219;178m▀[0m[38;2;235;219;178m[48;2;235;219;178m▀[0m[38;2;235;219;178m[48;2;235;219;178m▀[0m[38;2;235;219;178m[48;2;235;219;178m▀[0m[38;2;235;219;178m[48;2;235;219;178m▀[0m[38;2;235;219;178m[48;2;235;219;178m▀[0m[38;2;235;219;178m[48;2;235;219;178m▀[0m[38;2;235;219;178m[48;2;235;219;178m▀[0m[38;2;235;219;178m[48;2;235;219;178m▀[0m[38;2;235;219;178m[48;2;235;219;178m▀[0m[38;2;235;219;178m[48;2;80;73;69m▀[0m[38;2;60;56;54m▀[0m    
[38;2;60;56;54m[48;2;60;56;54m▀[0m       [38;2;80;73;69m▀[0m[38;2;235;219;178m[48;2;80;73;69m▀[0m[38;2;235;219;178m[48;2;235;219;178m▀[0m[38;2;235;219;178m[48;2;235;219;178m▀[0m[38;2;235;219;178m[48;2;235;219;178m▀[0m[38;2;235;219;178m[48;2;235;219;178m▀[0m[38;2;235;219;178m[48;2;235;219;178m▀[0m[38;2;235;219;178m[48;2;235;219;178m▀[0m[38;2;235;219;178m[48;2;235;219;178m▀[0m[38;2;235;219;178m[48;2;235;219;178m▀[0m[38;2;235;219;178m[48;2;235;219;178m▀[0m[38;2;235;219;178m[48;2;235;219;178m▀[0m[38;2;235;219;178m[48;2;235;219;178m▀[0m[38;2;235;219;178m[48;2;235;219;178m▀[0m[38;2;235;219;178m[48;2;235;219;178m▀[0m[38;2;235;219;178m[48;2;235;219;178m▀[0m[38;2;235;219;178m[48;2;80;73;69m▀[0m[38;2;80;73;69m▀[0m      
[38;2;60;56;54m[48;2;60;56;54m▀[0m  [38;2;60;56;54m▄[0m     [38;2;60;56;54m▄[0m[38;2;60;56;54m[48;2;80;73;69m▀[0m[38;2;189;174;147m[48;2;80;73;69m▀[0m[38;2;235;219;178m[48;2;80;73;69m▀[0m[38;2;235;219;178m[48;2;189;174;147m▀[0m[38;2;235;219;178m[48;2;235;219;178m▀[0m[38;2;235;219;178m[48;2;235;219;178m▀[0m[38;2;235;219;178m[48;2;235;219;178m▀[0m[38;2;235;219;178m[48;2;235;219;178m▀[0m[38;2;235;219;178m[48;2;235;219;178m▀[0m[38;2;235;219;178m[48;2;235;219;178m▀[0m[38;2;235;219;178m[48;2;235;219;178m▀[0m[38;2;235;219;178m[48;2;235;219;178m▀[0m[38;2;235;219;178m[48;2;80;73;69m▀[0m[38;2;80;73;69m[48;2;80;73;69m▀[0m[38;2;80;73;69m[48;2;80;73;69m▀[0m[38;2;60;56;54m[48;2;60;56;54m▀[0m[38;2;60;56;54m[48;2;60;56;54m▀[0m[38;2;60;56;54m[48;2;60;56;54m▀[0m[38;2;60;56;54m[48;2;60;56;54m▀[0m  [38;2;60;56;54m[48;2;60;56;54m▀[0m
[38;2;60;56;54m▀[0m  [38;2;60;56;54m[48;2;60;56;54m▀[0m[38;2;60;56;54m▄[0m [38;2;60;56;54m▄[0m[38;2;80;73;69m[48;2;80;73;69m▀[0m[38;2;80;73;69m[48;2;80;73;69m▀[0m[38;2;60;56;54m[48;2;80;73;69m▀[0m[38;2;60;56;54m[48;2;60;56;54m▀[0m[38;2;80;73;69m[48;2;80;73;69m▀[0m[38;2;80;73;69m[48;2;80;73;69m▀[0m[38;2;80;73;69m[48;2;80;73;69m▀[0m[38;2;189;174;147m[48;2;80;73;69m▀[0m[38;2;235;219;178m[48;2;80;73;69m▀[0m[38;2;235;219;178m[48;2;80;73;69m▀[0m[38;2;235;219;178m[48;2;189;174;147m▀[0m[38;2;235;219;178m[48;2;189;174;147m▀[0m[38;2;235;219;178m[48;2;80;73;69m▀[0m[38;2;189;174;147m[48;2;80;73;69m▀[0m[38;2;80;73;69m[48;2;80;73;69m▀[0m[38;2;80;73;69m[48;2;60;56;54m▀[0m[38;2;80;73;69m[48;2;60;56;54m▀[0m[38;2;60;56;54m[48;2;60;56;54m▀[0m[38;2;60;56;54m[48;2;60;56;54m▀[0m[38;2;80;73;69m[48;2;80;73;69m▀[0m[38;2;60;56;54m[48;2;60;56;54m▀[0m[38;2;60;56;54m[48;2;80;73;69m▀[0m  [38;2;60;56;54m[48;2;60;56;54m▀[0m
   [38;2;60;56;54m[48;2;60;56;54m▀[0m[38;2;60;56;54m[48;2;60;56;54m▀[0m [38;2;60;56;54m[48;2;60;56;54m▀[0m[38;2;80;73;69m[48;2;80;73;69m▀[0m[38;2;80;73;69m[48;2;80;73;69m▀[0m[38;2;80;73;69m[48;2;80;73;69m▀[0m[38;2;60;56;54m[48;2;60;56;54m▀[0m[38;2;60;56;54m[48;2;60;56;54m▀[0m[38;2;80;73;69m[48;2;80;73;69m▀[0m[38;2;80;73;69m[48;2;80;73;69m▀[0m[38;2;80;73;69m[48;2;80;73;69m▀[0m[38;2;80;73;69m[48;2;80;73;69m▀[0m[38;2;80;73;69m[48;2;60;56;54m▀[0m[38;2;80;73;69m[48;2;60;56;54m▀[0m[38;2;80;73;69m[48;2;60;56;54m▀[0m[38;2;80;73;69m▀[0m[38;2;60;56;54m▀[0m[38;2;60;56;54m▀[0m [38;2;60;56;54m▄[0m[38;2;60;56;54m▄[0m  [38;2;60;56;54m▀[0m[38;2;60;56;54m▀[0m [38;2;60;56;54m▄[0m[38;2;60;56;54m[48;2;60;56;54m▀[0m
   [38;2;60;56;54m[48;2;60;56;54m▀[0m[38;2;60;56;54m[48;2;60;56;54m▀[0m [38;2;60;56;54m[48;2;60;56;54m▀[0m[38;2;80;73;69m[48;2;80;73;69m▀[0m[38;2;80;73;69m[48;2;80;73;69m▀[0m[38;2;80;73;69m[48;2;80;73;69m▀[0m[38;2;60;56;54m[48;2;80;73;69m▀[0m[38;2;60;56;54m[48;2;60;56;54m▀[0m[38;2;80;73;69m[48;2;80;73;69m▀[0m[38;2;80;73;69m[48;2;80;73;69m▀[0m[38;2;80;73;69m[48;2;60;56;54m▀[0m[38;2;60;56;54m[48;2;60;56;54m▀[0m[38;2;60;56;54m[48;2;60;56;54m▀[0m[38;2;60;56;54m[48;2;60;56;54m▀[0m[38;2;60;56;54m[48;2;60;56;54m▀[0m[38;2;60;56;54m[48;2;60;56;54m▀[0m[38;2;60;56;54m[48;2;60;56;54m▀[0m[38;2;60;56;54m[48;2;60;56;54m▀[0m[38;2;60;56;54m[48;2;60;56;54m▀[0m[38;2;60;56;54m[48;2;60;56;54m▀[0m[38;2;60;56;54m[48;2;60;56;54m▀[0m[38;2;60;56;54m[48;2;60;56;54m▀[0m[38;2;60;56;54m▄[0m[38;2;60;56;54m▄[0m   [38;2;60;56;54m▀[0m
