     [38;2;111;82;70m▄[0m[38;2;131;93;67m▄[0m[38;2;16;12;30m[48;2;242;223;169m▀[0m[38;2;20;14;26m[48;2;190;133;85m▀[0m[38;2;91;63;55m[48;2;194;141;87m▀[0m[38;2;19;14;28m[48;2;185;120;75m▀[0m[38;2;14;16;29m[48;2;173;98;54m▀[0m[38;2;110;64;51m▄[0m       
   [38;2;20;17;26m▄[0m[38;2;16;14;35m[48;2;244;237;200m▀[0m[38;2;250;238;197m[48;2;186;133;81m▀[0m[38;2;250;242;187m[48;2;252;249;232m▀[0m[38;2;228;196;144m[48;2;255;248;234m▀[0m[38;2;193;131;79m[48;2;186;134;88m▀[0m[38;2;190;130;82m[48;2;227;193;165m▀[0m[38;2;192;131;81m[48;2;251;249;240m▀[0m[38;2;160;82;46m[48;2;250;250;238m▀[0m[38;2;171;104;65m[48;2;242;227;207m▀[0m[38;2;15;13;33m[48;2;131;48;44m▀[0m[38;2;71;40;32m▄[0m     
  [38;2;106;69;52m▄[0m[38;2;196;144;97m[48;2;246;242;190m▀[0m[38;2;226;203;178m[48;2;232;238;227m▀[0m[38;2;250;254;249m[48;2;55;57;77m▀[0m[38;2;252;255;248m[48;2;73;78;88m▀[0m[38;2;250;255;248m[48;2;253;255;249m▀[0m[38;2;253;254;244m[48;2;252;255;248m▀[0m[38;2;253;253;245m[48;2;252;255;248m▀[0m[38;2;252;255;248m[48;2;252;254;248m▀[0m[38;2;251;255;248m[48;2;71;76;93m▀[0m[38;2;252;254;245m[48;2;55;57;75m▀[0m[38;2;241;245;217m[48;2;245;249;233m▀[0m[38;2;171;110;86m[48;2;214;218;214m▀[0m[38;2;82;45;37m[48;2;144;69;47m▀[0m[38;2;17;13;29m▄[0m   
 [38;2;21;14;33m[48;2;24;12;32m▀[0m[38;2;177;112;71m[48;2;90;56;40m▀[0m[38;2;60;57;69m[48;2;55;57;74m▀[0m[38;2;57;58;78m[48;2;36;31;54m▀[0m[38;2;251;251;248m[48;2;35;31;53m▀[0m[38;2;25;24;39m[48;2;35;34;50m▀[0m[38;2;254;255;246m[48;2;253;254;247m▀[0m[38;2;249;255;247m[48;2;22;21;37m▀[0m[38;2;252;254;248m[48;2;26;23;42m▀[0m[38;2;254;254;247m[48;2;252;254;247m▀[0m[38;2;25;24;41m[48;2;47;47;68m▀[0m[38;2;217;216;216m[48;2;48;45;66m▀[0m[38;2;38;35;57m[48;2;24;20;39m▀[0m[38;2;40;36;57m[48;2;33;29;49m▀[0m[38;2;221;218;207m[48;2;20;16;29m▀[0m[38;2;20;13;29m[48;2;20;13;29m▀[0m   
 [38;2;23;13;30m[48;2;18;15;26m▀[0m[38;2;98;42;40m[48;2;133;38;49m▀[0m[38;2;19;17;35m[48;2;22;20;33m▀[0m[38;2;19;17;32m[48;2;253;254;249m▀[0m[38;2;93;94;103m[48;2;252;255;248m▀[0m[38;2;107;108;110m[48;2;252;255;249m▀[0m[38;2;223;223;224m[48;2;196;198;213m▀[0m[38;2;79;79;77m[48;2;18;15;31m▀[0m[38;2;164;165;159m[48;2;17;14;30m▀[0m[38;2;221;222;218m[48;2;196;198;213m▀[0m[38;2;105;107;115m[48;2;251;253;249m▀[0m[38;2;92;93;101m[48;2;253;255;250m▀[0m[38;2;22;19;36m[48;2;245;246;229m▀[0m[38;2;17;17;30m[48;2;80;35;43m▀[0m[38;2;67;23;30m[48;2;130;50;53m▀[0m[38;2;20;14;28m[48;2;114;36;46m▀[0m   
  [38;2;73;31;36m▀[0m[38;2;124;39;46m[48;2;118;29;43m▀[0m[38;2;187;197;200m[48;2;110;28;43m▀[0m[38;2;220;227;216m[48;2;130;39;38m▀[0m[38;2;212;217;207m[48;2;192;194;200m▀[0m[38;2;207;210;208m[48;2;203;212;210m▀[0m[38;2;253;254;248m[48;2;207;208;212m▀[0m[38;2;253;252;248m[48;2;204;210;212m▀[0m[38;2;219;225;216m[48;2;201;210;208m▀[0m[38;2;215;221;206m[48;2;197;191;208m▀[0m[38;2;202;203;210m[48;2;129;37;48m▀[0m[38;2;122;43;47m[48;2;117;41;48m▀[0m[38;2;118;37;44m[48;2;16;13;31m▀[0m[38;2;21;15;28m[48;2;141;61;46m▀[0m[38;2;188;123;76m[48;2;190;125;77m▀[0m[38;2;146;73;51m[48;2;169;99;59m▀[0m[38;2;14;16;38m[48;2;150;69;46m▀[0m 
 [38;2;75;54;51m▄[0m[38;2;98;68;58m[48;2;240;219;169m▀[0m[38;2;252;242;201m[48;2;188;126;80m▀[0m[38;2;254;239;195m[48;2;187;127;82m▀[0m[38;2;185;133;91m[48;2;189;130;80m▀[0m[38;2;119;66;57m[48;2;185;124;80m▀[0m[38;2;55;13;27m[48;2;16;14;34m▀[0m[38;2;126;44;42m[48;2;51;26;32m▀[0m[38;2;127;40;46m[48;2;70;44;34m▀[0m[38;2;22;11;19m[48;2;154;73;53m▀[0m[38;2;18;12;28m[48;2;147;76;48m▀[0m[38;2;140;57;50m[48;2;123;49;50m▀[0m[38;2;111;35;46m[48;2;122;39;39m▀[0m[38;2;133;54;47m[48;2;181;117;71m▀[0m[38;2;197;136;84m[48;2;195;135;83m▀[0m[38;2;189;126;78m[48;2;185;122;76m▀[0m[38;2;186;118;70m[48;2;157;82;50m▀[0m[38;2;149;68;47m[48;2;152;70;47m▀[0m[38;2;73;33;35m▄[0m
[38;2;52;28;21m[48;2;57;44;50m▀[0m[38;2;249;240;182m[48;2;173;118;74m▀[0m[38;2;173;111;64m[48;2;125;54;55m▀[0m[38;2;156;77;56m[48;2;104;30;47m▀[0m[38;2;108;35;47m[48;2;40;13;31m▀[0m[38;2;198;129;73m[48;2;110;123;135m▀[0m[38;2;166;94;54m[48;2;89;67;64m▀[0m[38;2;13;15;33m[48;2;24;13;32m▀[0m[38;2;178;115;73m[48;2;168;93;58m▀[0m[38;2;182;115;69m[48;2;156;78;53m▀[0m[38;2;150;75;46m[48;2;130;53;45m▀[0m[38;2;135;57;44m[48;2;63;17;33m▀[0m[38;2;94;29;44m[48;2;104;56;40m▀[0m[38;2;133;42;42m[48;2;190;133;79m▀[0m[38;2;193;133;81m[48;2;214;179;126m▀[0m[38;2;196;137;84m[48;2;196;138;92m▀[0m[38;2;171;100;61m[48;2;169;96;59m▀[0m[38;2;152;72;48m[48;2;169;97;58m▀[0m[38;2;148;68;55m[48;2;147;69;45m▀[0m[38;2;59;22;38m[48;2;57;22;38m▀[0m
[38;2;49;29;29m▀[0m[38;2;172;110;66m[48;2;19;14;33m▀[0m[38;2;140;61;48m[48;2;165;92;56m▀[0m[38;2;134;64;50m[48;2;144;73;56m▀[0m[38;2;94;20;45m[48;2;92;24;43m▀[0m[38;2;206;223;238m[48;2;66;57;86m▀[0m[38;2;50;50;66m[48;2;25;20;40m▀[0m[38;2;22;16;30m[48;2;98;23;44m▀[0m[38;2;107;27;39m[48;2;22;13;28m▀[0m[38;2;112;26;44m[48;2;120;83;63m▀[0m[38;2;107;28;47m[48;2;189;131;75m▀[0m[38;2;19;15;26m[48;2;190;130;78m▀[0m[38;2;192;132;81m[48;2;220;179;128m▀[0m[38;2;248;230;173m[48;2;189;127;81m▀[0m[38;2;194;134;85m[48;2;188;125;77m▀[0m[38;2;170;102;59m[48;2;176;104;62m▀[0m[38;2;151;73;49m[48;2;146;68;48m▀[0m[38;2;150;72;46m[48;2;131;52;44m▀[0m[38;2;145;68;48m[48;2;113;32;43m▀[0m[38;2;56;22;37m[48;2;58;23;38m▀[0m
  [38;2;65;63;86m▀[0m[38;2;241;248;250m[48;2;104;118;154m▀[0m[38;2;28;30;49m[48;2;20;14;30m▀[0m[38;2;75;21;45m[48;2;24;14;26m▀[0m[38;2;76;21;45m[48;2;20;13;32m▀[0m[38;2;15;16;27m[48;2;19;16;33m▀[0m[38;2;214;184;138m[48;2;251;251;245m▀[0m[38;2;216;175;123m[48;2;128;135;165m▀[0m[38;2;220;183;128m[48;2;182;128;74m▀[0m[38;2;190;128;80m[48;2;158;84;50m▀[0m[38;2;191;124;82m[48;2;140;60;42m▀[0m[38;2;177;103;67m[48;2;112;29;53m▀[0m[38;2;151;74;47m[48;2;127;44;50m▀[0m[38;2;153;74;47m[48;2;132;53;41m▀[0m[38;2;147;69;51m[48;2;111;36;44m▀[0m[38;2;131;51;50m[48;2;74;23;36m▀[0m[38;2;112;32;54m[48;2;15;16;30m▀[0m 
   [38;2;17;15;27m▀[0m [38;2;18;16;29m▀[0m [38;2;16;17;31m[48;2;21;18;29m▀[0m[38;2;85;93;122m[48;2;22;20;32m▀[0m[38;2;117;77;93m▀[0m[38;2;141;62;41m[48;2;121;56;53m▀[0m[38;2;133;50;46m[48;2;22;14;29m▀[0m[38;2;83;27;45m▀[0m[38;2;85;28;46m▀[0m[38;2;84;28;46m▀[0m[38;2;82;32;51m▀[0m[38;2;16;13;26m▀[0m   
